Tempo (s),Posição X (m),Posição Y (m)
0.0,0.098515,0.006781
0.02,0.098612,0.008245
0.03,0.09816,0.009703
0.05,0.097794,0.011268
0.07,0.097851,0.013978
0.08,0.098061,0.015525
0.1,0.098322,0.016501
0.12,0.098664,0.020375
0.13,0.098672,0.022142
0.15,0.098964,0.024539
0.17,0.09933,0.025764
0.18,0.101875,0.027909
0.2,0.101527,0.029546
0.22,0.102567,0.031935
0.23,0.103721,0.034898
0.25,0.104445,0.036102
0.27,0.104788,0.037897
0.28,0.105189,0.040484
0.3,0.105822,0.043037
0.32,0.106583,0.045155
0.33,0.106932,0.0467
0.35,0.107686,0.048597
0.37,0.108035,0.051121
0.38,0.108586,0.053449
0.4,0.111059,0.055211
0.42,0.112175,0.056417
0.43,0.113017,0.05857
0.45,0.113464,0.060822
0.47,0.114198,0.064131
0.48,0.114981,0.065911
0.5,0.11593,0.067342
0.52,0.116777,0.069915
0.53,0.117122,0.071965
0.55,0.117739,0.074912
0.57,0.118577,0.076008
0.58,0.121441,0.078345
0.6,0.121877,0.079498
0.62,0.122559,0.083215
0.63,0.123542,0.085392
0.65,0.124439,0.086762
0.67,0.124953,0.089881
0.68,0.125626,0.09206
0.7,0.126521,0.09492
0.72,0.127006,0.096212
0.73,0.127906,0.099502
0.75,0.128145,0.101463
0.77,0.129144,0.103748
0.78,0.130968,0.105666
0.8,0.131811,0.108506
0.82,0.132647,0.11128
0.83,0.13359,0.115296
0.85,0.134694,0.116731
0.87,0.136185,0.119209
0.88,0.136369,0.122605
0.9,0.137025,0.124902
0.92,0.137552,0.126273
0.93,0.138796,0.129654
0.95,0.139169,0.13145
0.97,0.141157,0.13423
0.98,0.142443,0.135677
1.0,0.143499,0.13817
1.02,0.143928,0.140684
1.03,0.144834,0.14416
1.05,0.145672,0.145684
1.07,0.146593,0.14756
1.08,0.14719,0.150534
1.1,0.147685,0.153524
1.12,0.148428,0.155387
1.13,0.149484,0.157035
1.15,0.151504,0.158954
1.17,0.152602,0.162262
1.18,0.153434,0.16513
1.2,0.154378,0.166932
1.22,0.155554,0.169695
1.23,0.155889,0.173215
1.25,0.156392,0.175576
1.27,0.156825,0.177056
1.28,0.157948,0.180204
1.3,0.158475,0.182999
1.32,0.159297,0.18515
1.33,0.161469,0.187752
1.35,0.161827,0.189777
1.37,0.162451,0.194048
1.38,0.163012,0.195901
1.4,0.163722,0.198427
1.42,0.164064,0.201155
1.43,0.164411,0.205076
1.45,0.164628,0.207136
1.47,0.165303,0.209598
1.48,0.165157,0.21347
1.5,0.165133,0.215939
1.52,0.165498,0.218575
1.53,0.165268,0.221562
1.55,0.165361,0.225215
1.57,0.165399,0.227584
1.58,0.165443,0.230121
1.6,0.165069,0.234236
1.62,0.16482,0.236455
1.63,0.164985,0.239076
1.65,0.16429,0.242029
1.67,0.164168,0.245144
1.68,0.16417,0.247644
1.7,0.163653,0.250449
1.72,0.163358,0.254419
1.73,0.16338,0.256311
1.75,0.162886,0.258754
1.77,0.162582,0.261839
1.78,0.162386,0.26516
1.8,0.162264,0.267522
1.82,0.161385,0.269553
1.83,0.160909,0.274096
1.85,0.159374,0.27581
1.87,0.160552,0.278824
1.88,0.159938,0.281963
1.9,0.158781,0.285061
1.92,0.159025,0.287406
1.93,0.15822,0.290657
1.95,0.157864,0.294004
1.97,0.157024,0.29609
1.98,0.15754,0.299384
2.0,0.157142,0.302299
2.02,0.156803,0.305446
2.03,0.157086,0.307576
2.05,0.157022,0.311389
2.07,0.156367,0.314928
2.08,0.156417,0.31667
2.1,0.156669,0.319838
2.12,0.156275,0.323663
2.13,0.156202,0.325571
2.15,0.156846,0.328485
2.17,0.156311,0.331433
2.18,0.156279,0.335061
2.2,0.156224,0.337006
2.22,0.156328,0.340637
2.23,0.156141,0.344788
2.25,0.156168,0.346344
2.27,0.156409,0.349548
2.28,0.155903,0.353839
2.3,0.15569,0.355985
2.32,0.156243,0.359172
2.33,0.155603,0.362564
2.35,0.155748,0.365205
2.37,0.155777,0.36765
2.38,0.155602,0.371046
2.4,0.155656,0.375032
2.42,0.155497,0.376944
2.43,0.155819,0.38009
2.45,0.155556,0.384342
2.47,0.155459,0.386459
2.48,0.156215,0.38946
2.5,0.15569,0.393614
2.52,0.155908,0.395875
2.53,0.156456,0.398656
2.55,0.156093,0.402164
2.57,0.156157,0.405366
2.58,0.156386,0.407629
2.6,0.156331,0.411131
2.62,0.156415,0.41514
2.63,0.156656,0.417034
2.65,0.156902,0.420647
2.67,0.156674,0.424637
2.68,0.157068,0.426136
2.7,0.15753,0.430013
2.72,0.157402,0.433449
2.73,0.157954,0.435806
2.75,0.158712,0.439397
2.77,0.159755,0.442026
2.78,0.158805,0.445066
2.8,0.160743,0.447919
2.82,0.160819,0.450012
2.83,0.161151,0.454666
2.85,0.161725,0.456903
2.87,0.161731,0.459328
2.89,0.162446,0.463832
2.9,0.163145,0.466058
2.92,0.16328,0.468707
2.94,0.163485,0.472109
2.95,0.163736,0.475643
2.97,0.164477,0.478328
2.99,0.164717,0.481153
3.0,0.164802,0.48477
3.02,0.165296,0.48732
3.04,0.165836,0.490192
3.05,0.165983,0.494359
3.07,0.166333,0.496324
3.09,0.166823,0.499704
3.1,0.166745,0.503411
3.12,0.167377,0.50566
3.14,0.168213,0.508922
3.15,0.168506,0.510957
3.17,0.170745,0.514638
3.19,0.171575,0.516412
3.2,0.172215,0.519025
3.22,0.173064,0.522459
3.24,0.173661,0.525458
3.25,0.174522,0.527786
3.27,0.175216,0.530552
3.29,0.175466,0.534457
3.3,0.176027,0.536583
3.32,0.176818,0.539638
3.34,0.176657,0.542324
3.35,0.177001,0.544936
3.37,0.178063,0.547501
3.39,0.178393,0.549759
3.4,0.178196,0.552128
3.42,0.177399,0.55502
3.44,0.177121,0.557539
3.45,0.176866,0.560396
3.47,0.176392,0.562753
3.49,0.176225,0.56492
3.5,0.175999,0.567042
3.52,0.175955,0.570107
3.57,0.175732,0.579173
3.59,0.175279,0.581526
3.6,0.175078,0.584333
3.62,0.17473,0.586262
3.64,0.175108,0.58938
3.65,0.175209,0.592931
3.67,0.175431,0.595166
3.69,0.175735,0.597165
3.7,0.176227,0.599861
3.72,0.176405,0.602258
3.74,0.17632,0.605192
3.75,0.177253,0.60694
3.77,0.17803,0.610016
3.79,0.180255,0.611991
3.8,0.18057,0.614645
3.82,0.179315,0.615368
3.84,0.180168,0.617797
3.85,0.178426,0.620481
3.87,0.178375,0.62236
3.89,0.177902,0.624999
3.9,0.177411,0.626396
3.92,0.177574,0.629716
3.94,0.17706,0.631267
3.95,0.17715,0.63422
3.97,0.176856,0.63578
3.99,0.177267,0.637984
4.0,0.17707,0.640699
4.02,0.177348,0.643303
4.04,0.177502,0.645678
4.05,0.177966,0.647774
4.07,0.178011,0.650484
4.09,0.178568,0.652253
4.1,0.179121,0.654738
4.12,0.181354,0.656478
4.14,0.181807,0.658694
4.15,0.18236,0.661128
4.17,0.182355,0.663704
4.19,0.182515,0.665216
4.2,0.182667,0.66634
4.22,0.182559,0.668011
4.24,0.182243,0.670101
4.25,0.182528,0.672685
4.27,0.18307,0.674793
4.29,0.183361,0.675869
4.3,0.183081,0.676886
4.32,0.182663,0.678559
4.34,0.1824,0.680845
4.35,0.182095,0.68318
4.37,0.182468,0.685171
4.39,0.182468,0.686093
4.4,0.182491,0.688255
4.42,0.18245,0.690297
4.44,0.182711,0.692667
4.45,0.183109,0.695001
4.47,0.183578,0.696426
4.49,0.183755,0.698481
4.5,0.183376,0.700927
4.52,0.183399,0.70322
4.54,0.183335,0.705432
4.55,0.183586,0.70697
4.57,0.183699,0.709103
4.59,0.183435,0.7109
4.6,0.183772,0.714387
4.62,0.18388,0.715879
4.64,0.183814,0.717758
4.65,0.18373,0.719575
4.67,0.183611,0.722428
4.69,0.183495,0.724746
4.72,0.182832,0.729239
4.79,0.183388,0.738449
4.82,0.183374,0.744491
4.84,0.183947,0.746308
4.85,0.183655,0.747258
4.87,0.183613,0.751171
4.89,0.183677,0.753937
4.9,0.183954,0.756309
4.92,0.183876,0.758099
4.94,0.184154,0.760541
4.95,0.183774,0.763264
4.97,0.184033,0.76509
4.99,0.184258,0.766695
5.0,0.184341,0.768965
5.02,0.183828,0.770712
5.04,0.184361,0.773997
5.07,0.184912,0.778239
