Tempo (s),Posição X (m),Posição Y (m)
0.0,0.08626,0.008991
0.02,0.085666,0.0108
0.04,0.085625,0.013468
0.06,0.085817,0.015711
0.07,0.086679,0.018076
0.09,0.086533,0.021398
0.11,0.086241,0.02424
0.12,0.086383,0.026254
0.14,0.087151,0.028161
0.16,0.086887,0.031527
0.17,0.086904,0.034139
0.19,0.087176,0.036173
0.21,0.087911,0.03864
0.22,0.087592,0.041389
0.24,0.087779,0.04406
0.26,0.087993,0.045908
0.27,0.088915,0.048696
0.29,0.089369,0.050715
0.31,0.089805,0.05419
0.32,0.088725,0.05582
0.34,0.089621,0.058852
0.36,0.089873,0.060887
0.37,0.090532,0.064522
0.39,0.091014,0.066251
0.41,0.090621,0.069074
0.42,0.090958,0.07126
0.44,0.09129,0.074964
0.46,0.091875,0.076636
0.47,0.091959,0.079217
0.49,0.092313,0.082476
0.51,0.0926,0.085305
0.52,0.092892,0.087075
0.54,0.093045,0.090324
0.56,0.092823,0.093439
0.57,0.092871,0.095819
0.59,0.093337,0.097702
0.61,0.094158,0.101769
0.62,0.094913,0.105167
0.66,0.095052,0.110935
0.67,0.095317,0.11428
0.71,0.096358,0.11901
0.72,0.096173,0.122889
0.74,0.096394,0.125607
0.76,0.097378,0.127551
0.77,0.097009,0.130962
0.79,0.096805,0.134141
0.81,0.096992,0.13612
0.82,0.097885,0.139071
0.84,0.097532,0.14221
0.86,0.097998,0.144919
0.87,0.098174,0.14662
0.89,0.0988,0.150662
0.91,0.099938,0.153014
0.92,0.098862,0.155535
0.94,0.099384,0.157894
0.96,0.100147,0.160664
0.97,0.100796,0.164469
0.99,0.099715,0.166025
1.01,0.101016,0.169226
1.02,0.101303,0.172022
1.04,0.101956,0.175143
1.06,0.102069,0.177196
1.07,0.102025,0.18022
1.09,0.102606,0.183751
1.11,0.103246,0.18587
1.12,0.103331,0.188164
1.14,0.103624,0.191635
1.16,0.103929,0.194872
1.17,0.104132,0.196889
1.19,0.104516,0.199988
1.21,0.104445,0.203649
1.22,0.104711,0.206096
1.24,0.105532,0.207912
1.26,0.10542,0.211535
1.27,0.105568,0.214977
1.29,0.105399,0.21715
1.31,0.106297,0.220705
1.32,0.105815,0.223718
1.34,0.105989,0.226246
1.36,0.106523,0.228762
1.37,0.106018,0.232445
1.39,0.10627,0.235258
1.41,0.105998,0.237358
1.42,0.106516,0.240924
1.44,0.105867,0.243901
1.46,0.105654,0.246495
1.47,0.106078,0.248553
1.49,0.10535,0.251931
1.51,0.105062,0.255097
1.52,0.104659,0.256856
1.54,0.104584,0.259788
1.56,0.104046,0.263033
1.57,0.103664,0.265532
1.59,0.103395,0.267655
1.61,0.102166,0.270324
1.62,0.101433,0.274037
1.64,0.099927,0.275359
1.66,0.10134,0.27854
1.67,0.098884,0.281451
1.69,0.098094,0.284575
1.71,0.097477,0.286395
1.72,0.097315,0.289795
1.74,0.096375,0.292496
1.76,0.096028,0.29531
1.77,0.095549,0.297007
1.79,0.095417,0.300251
1.81,0.094487,0.302812
1.82,0.093738,0.305419
1.84,0.093206,0.306937
1.86,0.092894,0.310546
1.87,0.092418,0.313417
1.89,0.092034,0.315582
1.91,0.091008,0.31795
1.92,0.090372,0.320775
1.94,0.090176,0.324799
1.96,0.08801,0.326465
1.97,0.088235,0.330111
1.99,0.089054,0.332569
2.01,0.086901,0.335484
2.02,0.087048,0.338076
2.04,0.086421,0.341772
2.06,0.085811,0.344948
2.07,0.086053,0.346614
2.09,0.086085,0.351192
2.11,0.085259,0.354175
2.14,0.085211,0.359046
2.16,0.084359,0.362865
2.17,0.083904,0.365528
2.19,0.084381,0.36754
2.21,0.083761,0.371361
2.22,0.082852,0.374592
2.24,0.082728,0.376751
2.26,0.082983,0.379257
2.27,0.082344,0.383362
2.29,0.082139,0.385899
2.31,0.082004,0.387666
2.32,0.081643,0.39168
2.34,0.08134,0.395076
2.36,0.080848,0.397351
2.37,0.080695,0.400282
2.39,0.080611,0.404527
2.41,0.080189,0.40641
2.42,0.080363,0.409648
2.44,0.080087,0.413421
2.46,0.080029,0.415694
2.47,0.080204,0.418979
2.49,0.079512,0.422171
2.51,0.079887,0.42522
2.52,0.079617,0.427893
2.54,0.079376,0.431004
2.56,0.07934,0.434996
2.57,0.078064,0.436893
2.59,0.079186,0.440227
2.61,0.07935,0.444106
2.62,0.077816,0.446094
2.64,0.07935,0.449557
2.66,0.07919,0.452859
2.67,0.079507,0.455472
2.69,0.079552,0.458287
2.71,0.079825,0.460652
2.72,0.079952,0.464918
2.74,0.079539,0.467156
2.76,0.079933,0.470028
2.77,0.079755,0.4741
2.79,0.079885,0.476006
2.81,0.080245,0.478847
2.82,0.07998,0.48251
2.84,0.080374,0.485316
2.86,0.080223,0.487914
2.87,0.080622,0.490892
2.89,0.080808,0.49471
2.91,0.080685,0.496579
2.92,0.080682,0.499658
2.94,0.080697,0.503061
2.96,0.080946,0.505469
2.97,0.080657,0.508241
2.99,0.080577,0.511082
3.01,0.080503,0.514681
3.02,0.080226,0.516784
3.04,0.080136,0.519705
3.06,0.08006,0.52286
3.07,0.080586,0.525406
3.09,0.080077,0.528094
3.11,0.079998,0.530429
3.12,0.08022,0.53429
3.14,0.080294,0.535881
3.16,0.080205,0.538726
3.17,0.079795,0.541152
3.19,0.079962,0.544757
3.21,0.078177,0.546396
3.22,0.080122,0.549043
3.24,0.079125,0.552291
3.26,0.079996,0.555015
3.27,0.077328,0.556472
3.29,0.079836,0.558992
3.31,0.078494,0.562082
3.32,0.079074,0.564994
3.34,0.077458,0.566421
3.36,0.079077,0.568516
3.37,0.077478,0.570978
3.39,0.077844,0.573156
3.43,0.079196,0.57895
3.46,0.077689,0.584223
3.63,0.080189,0.610087
3.64,0.079411,0.612081
3.66,0.079954,0.61432
3.68,0.080233,0.615395
3.69,0.079939,0.618112
3.71,0.080488,0.62051
3.73,0.08062,0.621987
3.74,0.081063,0.624549
3.76,0.081496,0.625633
3.78,0.08209,0.627282
3.79,0.082309,0.629687
3.81,0.082697,0.632044
3.83,0.082977,0.634507
3.84,0.083189,0.636054
3.86,0.084188,0.637809
3.88,0.084549,0.640679
3.89,0.084459,0.642982
3.91,0.085093,0.645255
3.93,0.0851,0.646635
3.94,0.086235,0.649361
3.96,0.085872,0.651393
3.98,0.085946,0.654179
3.99,0.086271,0.655685
4.01,0.086902,0.657182
4.03,0.087903,0.660203
4.04,0.087984,0.661528
4.06,0.089826,0.663424
4.08,0.089969,0.665139
4.09,0.088899,0.665778
4.11,0.090954,0.667798
4.13,0.091287,0.669899
4.14,0.091956,0.671056
4.16,0.092651,0.67321
4.18,0.093029,0.675097
4.19,0.093538,0.676164
4.21,0.094321,0.677359
4.23,0.09517,0.678692
4.24,0.095317,0.68157
4.26,0.095431,0.683104
4.28,0.09593,0.684921
4.29,0.096164,0.685863
4.31,0.096501,0.687221
4.33,0.097091,0.690362
4.34,0.097249,0.691569
4.36,0.097613,0.693758
4.38,0.098036,0.695311
4.39,0.098476,0.696057
4.41,0.10105,0.698392
4.43,0.100476,0.70017
4.44,0.100359,0.702841
4.46,0.101249,0.704822
4.48,0.099903,0.705774
4.49,0.102054,0.708029
4.51,0.101566,0.709839
4.53,0.10157,0.712511
4.54,0.102378,0.714955
4.56,0.101957,0.716077
4.58,0.102112,0.718123
4.59,0.101842,0.720096
4.61,0.101588,0.723071
4.63,0.102336,0.725202
4.64,0.101819,0.72639
4.66,0.102168,0.728299
4.68,0.102016,0.730533
4.69,0.101788,0.733504
4.71,0.102243,0.735312
4.73,0.101743,0.737058
4.74,0.102181,0.739471
4.76,0.101912,0.741921
4.78,0.102471,0.744594
4.79,0.102453,0.74565
4.81,0.102498,0.747699
4.83,0.102597,0.749696
4.84,0.102394,0.7523
4.86,0.103037,0.754939
4.88,0.103238,0.756175
4.89,0.103591,0.758044
4.91,0.104032,0.760213
4.93,0.10404,0.762701
4.94,0.104532,0.765008
4.96,0.104598,0.76643
4.98,0.105698,0.767709
4.99,0.105801,0.770532
5.01,0.105758,0.773254
5.03,0.106116,0.775249
5.04,0.106266,0.776325
5.06,0.107186,0.778567
5.08,0.10731,0.780787
5.09,0.10697,0.784221
5.11,0.107142,0.785638
5.13,0.107509,0.786996
5.14,0.108061,0.789676
